wavelength fstar fdust
2932.047454580977 1.8460037156592921e-06 0.00022632355287765493
2800.7251898798017 2.0231743042475097e-06 0.00026408465583625015
2675.284663954478 2.217348876648678e-06 0.00031130408833095555
2555.462442031732 2.4301593930324494e-06 0.0003616010519939654
2441.0068882097485 2.663394442431424e-06 0.0004227751461035811
2331.6776370033785 2.9190142743689826e-06 0.0004968420963400195
2227.245088558105 3.1991672828477e-06 0.0005762334969355222
2127.489926472633 3.5062080246884983e-06 0.000674264646747003
2032.2026572175553 3.842717063975916e-06 0.0007838970041427347
1941.183170182788 4.211522627454827e-06 0.0009123932256829775
1854.2403174298654 4.61572438196984e-06 0.0010607772723603176
1771.1915122665412 5.058719484286337e-06 0.0012269582260679346
1691.8623458006516 5.5442311497994615e-06 0.0014239234629999731
1616.0862206680058 6.076339879585169e-06 0.0016424915774698923
1543.7040011650763 6.659517853950956e-06 0.0018989648846725585
1474.5636790517563 7.2986664561726325e-06 0.0021896724274628712
1408.520054322344 7.999157478851776e-06 0.0025214667553615645
1345.4344302743302 8.766878273012233e-06 0.0029085799721060967
1285.1743222346356 9.60828122943538e-06 0.003338395322695364
1227.6131793315888 1.0530438026456031e-05 0.0038399836456048113
1172.6301187283364 1.1541098997508623e-05 0.004400760567636147
1120.1096717595747 1.264875836053789e-05 0.005044564343216831
1069.9415414384441 1.3862725561209255e-05 0.005774648005223295
1022.0203708243611 1.5193273425274033e-05 0.006596717105407903
976.2455217653201 1.6674320663984027e-05 0.0075411353771501315
932.520863550016 1.8300028194256555e-05 0.008593468726466092
890.754571025946 2.0094008511528363e-05 0.009794514133422942
850.8589317595043 2.206358294151482e-05 0.011140850591385485
812.7501618331154 2.422710960305883e-05 0.012655134905930107
776.3482298925477 2.660272313998312e-05 0.014370930688641625
741.5766890749006 2.921159432439977e-05 0.01628235965837581
708.3625164643034 3.20770710192462e-05 0.01844892128753828
676.6359597381571 3.522327967955146e-05 0.020869761421531647
646.3303906818858 3.867948846472237e-05 0.023601522323356224
617.3821652645485 4.24747204768329e-05 0.02666995593242584
589.7304899814674 4.664207325163927e-05 0.030107828903410287
563.3172941831859 5.122032934495485e-05 0.033978764659105085
538.0871081226243 5.626335984558357e-05 0.038287831661643776
513.9869464643377 6.17676656357424e-05 0.043125717314785136
490.9661970112274 6.783133641517146e-05 0.04850599435855533
468.97651441502484 7.449089831551267e-05 0.0545142022607961
447.97171864733633 8.180186575771702e-05 0.06118269296567972
427.9076980180204 8.983580346806176e-05 0.06858893920934538
408.7423165372409 9.865580585063517e-05 0.07677923920463786
390.43532542663957 0.00010834163450749148 0.0858167639890983
372.9482785937992 0.00011898806414573204 0.0958069314760712
356.2444518924875 0.0001306836744234427 0.1067316038629299
340.2887659991171 0.00014349353313363705 0.11871077902804775
325.0477127434635 0.00015758630277883556 0.13182474042623032
310.4892847389246 0.0001730564752807093 0.14601136200343492
296.5829081645415 0.00019005401317030043 0.16135205931995553
283.2993785576189 0.0002087119645197762 0.17797041722997795
270.6107994821009 0.00022924797894829612 0.19576952593875957
258.49052394390554 0.0002517148829512918 0.21475466577693902
246.91309843018456 0.00027641925552064503 0.23456936454519006
235.85420945498186 0.00030356615012312645 0.25474226922309406
225.29063249904203 0.00033336562145434547 0.27559299680890054
215.2001832365274 0.0003661411470773043 0.29721617194826605
205.56167094622484 0.00040200759389834436 0.31947445053476137
196.3548540093982 0.000441665282468539 0.3422152020541781
187.56039740082724 0.0004848131268554777 0.36524148827751174
179.15983208376653 0.0005323768766197591 0.3883386466841898
171.13551622354288 0.0005846249179894975 0.411261636244374
163.47059813834338 0.00064198873766886 0.4337430850947045
156.1489809093854 0.0007049427232315982 0.4554801197770659
149.15528857614447 0.0007740979206757773 0.47616437093817193
142.47483384565447 0.0008500404484742503 0.4954549920362083
136.09358724805847 0.0009333836414802032 0.5130123181206085
129.99814767364109 0.0010248460749176416 0.5284664339475196
124.17571422946628 0.0011254128981180863 0.5414911572280418
118.61405935651324 0.0012356335160565361 0.551768522824508
113.30150315086239 0.001356704403767053 0.5589937739642258
108.22688883499521 0.0014901769965889242 0.5628978680871894
103.37955932770203 0.0016356166798413214 0.5632986090538832
98.74933486339047 0.001795886674228821 0.5600391379289411
94.3264916137922 0.0019716288284501254 0.553038151940638
90.10174126717482 0.00216466678532326 0.5423074332158095
86.06621152217083 0.0023766626403891665 0.527924787576888
82.2114274552611 0.002609960384386999 0.5100782919129898
78.52929372278228 0.0028661703214266252 0.48901610497659825
75.01207756008091 0.003144322251732775 0.46507482080970886
71.65239254211183 0.0034521568745271482 0.43866299601195546
68.44318307137611 0.003789970234382286 0.4102498835722076
65.37770956062259 0.004159452467284534 0.3803420745569563
62.44953427919502 0.004565741016952034 0.34947490602164516
59.65250783330154 0.005011987168249837 0.31818622450100853
56.98075625181383 0.005500926979509402 0.287014393297503
54.42866865047474 0.006037195200928427 0.25645886272826696
51.99088544860917 0.00662728696055556 0.22695564901341309
49.662287113591276 0.007271508200668165 0.19890763794053787
47.437983409431446 0.007980782514089893 0.17263545767653757
45.31330312690388 0.008756794615142349 0.148382941163476
43.283784273647 0.009610696234058967 0.12630650969698584
41.345164703635724 0.010545348621303947 0.10648930948449815
39.493373166346124 0.01157384144609373 0.0889224470413148
37.72452075681566 0.01269377438818348 0.07357765281590725
36.03489274864295 0.013923608423191566 0.06032525829298262
34.42094079277595 0.015275059162924376 0.04904734823027027
32.87927546570559 0.01675654128513535 0.03958273784166806
31.40665915141496 0.0183810024900128 0.03173333419198513
29.99999924213626 0.02015276476755459 0.025274363419348925
28.65634164363606 0.022102158633694857 0.020016264042749265
27.372864571389737 0.02426716466059713 0.015771410672163165
26.146872624616396 0.026582861762095154 0.012374692269345317
24.975791125729636 0.029148931315781133 0.009670688675582111
23.85716071331598 0.03194531832224232 0.007528270288749831
22.78863217728644 0.035014312864076205 0.005844342412405983
21.76796152535423 0.03837830188821183 0.004527065849732806
20.79300527047801 0.04207501178618977 0.003494729173947832
19.86171592937392 0.04612163645964449 0.002687714326978923
18.972137722642763 0.05051735320610347 0.0020470721884434497
18.12240246748261 0.055373792027414555 0.001535745423921551
17.310725654360873 0.060652409300877216 0.0011375565139407262
16.535402699406745 0.06637657592656589 0.0008372337056623353
15.794805364653733 0.07277718863143089 0.000616651373372577
15.08737833861434 0.07969907695797801 0.0004576351789521136
14.411635970006104 0.08725169010636401 0.0003449787909286998
13.76615914776941 0.09555099364282767 0.00026686011668636045
13.149592320824834 0.10462119334604919 0.00020749385567901948
12.560640651311457 0.11432423196813814 0.000159177636629433
11.998067295327491 0.12528158919573237 0.00012037576653738284
11.460690805462772 0.13692744347369765 9.000257223198857e-05
10.947382649668139 0.1500006850340519 6.663770447451791e-05
10.457064841251135 0.16397412926623903 4.8767504706167256e-05
9.988707675020894 0.17938506833940351 3.506870728813198e-05
9.54132756482782 0.19617616334229193 2.4575790674955347e-05
9.113984977956898 0.2145995845178273 1.653575002917048e-05
8.705782462036556 0.23415557112884372 1.0896126755099266e-05
8.31586276031951 0.25619171678929364 6.995566983335587e-06
7.943407011377549 0.2800370510282119 4.219289920982558e-06
7.587633029429371 0.3043485314762919 2.4763626665588435e-06
7.24779366169018 0.3340241885078948 1.5270784454628478e-06
6.9231752192932445 0.36470801513433904 9.789306782071266e-07
6.613095978488257 0.39821052540365737 6.216260037863674e-07
6.316904748968942 0.43462597044786855 3.820634755683991e-07
6.033979506323182 0.4733008316600453 2.2642649574379272e-07
5.763726085733819 0.5176580476201426 1.297937970430241e-07
5.505576934186756 0.5630260074641692 7.208504041352236e-08
5.258989918565858 0.6145861487076408 3.876743453847346e-08
5.023447187131651 0.6691643697508922 2.0160864490188724e-08
4.798454081992718 0.7299505873900355 1.0120949759878798e-08
4.583538100286024 0.7908007314596351 4.894684457078888e-09
4.378247901884476 0.8647101297714446 2.2734996997741966e-09
4.182152361547862 0.9422480709438578 1.0115993795309876e-09
3.9948396635266348 1.0193045453732064 4.2953903333287893e-10
3.81591643671707 1.1101925912145314 1.7377650175829312e-10
3.645006928551644 1.2113885853534654 6.690507486153632e-11
3.4817522158896743 1.3222344172664984 2.4480764710095476e-11
3.325809451251057 1.4291346745481093 8.488505790663407e-12
3.176851142810146 1.566189836121272 2.7796106979520774e-12
3.034564466637653 1.691199290693289 8.571226237146516e-13
2.898650609746302 1.8377210456148845 2.484497306273734e-13
2.7688241425605145 1.9931363639991426 6.756707618073339e-14
2.6448124194923057 2.123424874926475 1.7196634048990514e-14
2.5263550063645352 2.3077608009874506 4.076596846464178e-15
2.413203133479055 2.5137115982970855 8.96370469043408e-16
2.3051191731811707 2.7409416965435227 1.8252979323974003e-16
2.201876140823254 2.9256214866995545 3.432376255102659e-17
2.1032572180794795 3.18279045283699 5.928055374645688e-18
2.0090552976106437 3.449509785138003 9.359021164024603e-19
1.919072548122768 3.6233823574797936 1.3483856471655438e-19
1.833119998906148 3.89642964798218 1.7643850303424762e-20
1.75101714298229 4.210630052909736 2.0839775602986386e-21
1.6725915580253514 4.500639112088537 2.2150767081245357e-22
1.5976785442619552 4.7071954223007 2.108058247670482e-23
1.5261207785889768 4.968488753429275 1.786060819986279e-24
1.4577679841829032 5.2708562818198805 1.3405478045358726e-25
1.3924766149069143 5.581741045338879 8.861260451338183e-27
1.3301095538529397 5.837961645052157 5.128161886704197e-28
1.2705358253855743 5.953149738021127 2.5827569592472903e-29
1.213630320083152 6.2454425357544245 1.1252253124759473e-30
1.1592735319983192 6.43788305969932 4.2110800403176737e-32
1.107351307686329 6.611700415344716 1.3443617023445356e-33
1.0577546064740158 6.8619798973804835 3.632592223792982e-35
1.0103792714659676 7.1011932106572395 8.244827306226085e-37
0.9651258108070243 7.287892014252734 1.559892680278835e-38
0.9218991887417111 7.353539752412496 2.4378205850838216e-40
0.880608626031824 7.337969092805206 3.120242287290628e-42
0.8411674093130393 7.365860382647516 3.239365796777146e-44
0.8034927089901566 7.736988059148248 2.7019962909707962e-46
0.7675054052885699 7.855476090028446 1.7914729581089052e-48
0.7331299220966404 7.972565863888476 9.346846633065077e-51
0.700294068250036 8.115269603447647 3.7951060330523286e-53
0.6689288859247259 8.00199713319756 1.1843822826027293e-55
0.6389685058202288 8.043236120803643 2.8091140279341307e-58
0.6103500088290091 8.135072714389466 4.9940328508854024e-61
0.5830132939015006 8.156902023774213 6.573310362695182e-64
0.5569009518292675 7.828175254415024 6.310482242238944e-67
0.5319581446812465 7.403845433555868 4.355911211425376e-70
0.508132490639859 7.208740160146732 2.1287997503752665e-73
0.4853739539951608 6.875486973784429 7.12152915256947e-77
0.46363474006599276 6.88719089596739 1.6617562183910778e-80
0.44286919482746606 6.107851646336968 2.606699705188628e-84
0.4230337090339933 5.6417491159014554 2.70304154255939e-88
0.4040866266365083 4.693974597480272 1.815204218700796e-92
0.385988157301554 3.3228362866976244 7.74062769024381e-97
0.36870029284851513 2.1630422635841837 2.0513892492855386e-101
0.3521867274295086 1.8184284965623265 3.3043282921738594e-106
0.336412781284306 1.6150705763462523 3.160952669039358e-111
0.32134532791016207 1.353728184194218 1.7522154424796236e-116
0.30695272449360683 1.1959955153623836 5.487155641663e-122
